
=== Running exp_noise_sweep ===
Compiling model...
'compile' took 0.014482 s

Training model...

Step      Train loss                                                                                    Test loss                                                                                     Test metric
0         [5.97e+00, 3.03e+00, 5.90e+00, 9.50e-02, 9.33e-02, 2.64e-01, 3.87e-01, 6.37e-01, 8.13e-01]    [5.97e+00, 3.03e+00, 5.90e+00, 9.50e-02, 9.33e-02, 2.64e-01, 3.87e-01, 6.37e-01, 8.13e-01]    []  
0 [4.00e+00, 2.50e+00]
100 [3.99e+00, 2.48e+00]
200 [4.00e+00, 2.47e+00]
300 [4.01e+00, 2.45e+00]
400 [4.02e+00, 2.44e+00]
500 [4.03e+00, 2.42e+00]
600 [4.04e+00, 2.40e+00]
700 [4.05e+00, 2.39e+00]
800 [4.07e+00, 2.39e+00]
900 [4.09e+00, 2.40e+00]
1000      [7.81e-03, 7.18e-03, 7.22e-03, 8.77e-06, 1.93e-05, 1.31e-06, 1.65e-02, 1.59e-02, 1.63e-02]    [7.81e-03, 7.18e-03, 7.22e-03, 8.77e-06, 1.93e-05, 1.31e-06, 1.65e-02, 1.59e-02, 1.63e-02]    []  
1000 [4.10e+00, 2.41e+00]
1100 [4.12e+00, 2.43e+00]
1200 [4.14e+00, 2.46e+00]
1300 [4.17e+00, 2.49e+00]
1400 [4.19e+00, 2.53e+00]
1500 [4.21e+00, 2.57e+00]
1600 [4.24e+00, 2.61e+00]
1700 [4.27e+00, 2.65e+00]
1800 [4.29e+00, 2.69e+00]
1900 [4.32e+00, 2.72e+00]
2000      [2.93e-03, 3.00e-03, 2.90e-03, 4.42e-06, 7.96e-06, 1.86e-06, 2.46e-03, 2.18e-03, 2.38e-03]    [2.93e-03, 3.00e-03, 2.90e-03, 4.42e-06, 7.96e-06, 1.86e-06, 2.46e-03, 2.18e-03, 2.38e-03]    []  
2000 [4.35e+00, 2.76e+00]
2100 [4.37e+00, 2.79e+00]
2200 [4.40e+00, 2.82e+00]
2300 [4.43e+00, 2.85e+00]
2400 [4.45e+00, 2.87e+00]
2500 [4.48e+00, 2.89e+00]
2600 [4.51e+00, 2.91e+00]
2700 [4.53e+00, 2.92e+00]
2800 [4.56e+00, 2.93e+00]
2900 [4.58e+00, 2.94e+00]
3000      [5.91e-04, 4.38e-04, 5.85e-04, 2.19e-06, 1.35e-06, 1.86e-06, 1.23e-03, 9.53e-04, 9.44e-04]    [5.91e-04, 4.38e-04, 5.85e-04, 2.19e-06, 1.35e-06, 1.86e-06, 1.23e-03, 9.53e-04, 9.44e-04]    []  
3000 [4.61e+00, 2.95e+00]
3100 [4.63e+00, 2.96e+00]
3200 [4.66e+00, 2.96e+00]
3300 [4.68e+00, 2.97e+00]
3400 [4.70e+00, 2.97e+00]
3500 [4.72e+00, 2.97e+00]
3600 [4.74e+00, 2.98e+00]
3700 [4.76e+00, 2.98e+00]
3800 [4.78e+00, 2.98e+00]
3900 [4.80e+00, 2.98e+00]
4000      [4.47e-04, 2.74e-04, 8.48e-04, 3.15e-06, 6.68e-06, 5.70e-07, 6.55e-04, 1.32e-04, 4.68e-04]    [4.47e-04, 2.74e-04, 8.48e-04, 3.15e-06, 6.68e-06, 5.70e-07, 6.55e-04, 1.32e-04, 4.68e-04]    []  
4000 [4.81e+00, 2.98e+00]
4100 [4.83e+00, 2.98e+00]
4200 [4.84e+00, 2.98e+00]
4300 [4.86e+00, 2.98e+00]
4400 [4.87e+00, 2.99e+00]
4500 [4.88e+00, 2.99e+00]
4600 [4.89e+00, 2.99e+00]
4700 [4.91e+00, 2.99e+00]
4800 [4.91e+00, 2.99e+00]
4900 [4.92e+00, 2.99e+00]
5000      [7.80e-05, 1.46e-04, 9.67e-05, 6.75e-08, 4.00e-07, 3.93e-08, 1.31e-04, 1.12e-04, 1.40e-04]    [7.80e-05, 1.46e-04, 9.67e-05, 6.75e-08, 4.00e-07, 3.93e-08, 1.31e-04, 1.12e-04, 1.40e-04]    []  
5000 [4.93e+00, 2.99e+00]

Best model at step 5000:
  train loss: 7.05e-04
  test loss: 7.05e-04
  test metric: []

'train' took 434.800012 s

Saved inverse results in results/exp_noise_sweep/runs/beta5.0_n3.0_noise0/obs-1-2-3_count-1000/seed-0
Compiling model...
'compile' took 0.004976 s

Training model...

Step      Train loss                                                                                    Test loss                                                                                     Test metric
0         [5.97e+00, 3.03e+00, 5.90e+00, 9.64e-02, 9.94e-02, 2.60e-01, 3.89e-01, 6.37e-01, 8.13e-01]    [5.97e+00, 3.03e+00, 5.90e+00, 9.64e-02, 9.94e-02, 2.60e-01, 3.89e-01, 6.37e-01, 8.13e-01]    []  
0 [4.00e+00, 2.50e+00]
100 [3.99e+00, 2.48e+00]
200 [4.00e+00, 2.47e+00]
300 [4.01e+00, 2.45e+00]
400 [4.02e+00, 2.44e+00]
500 [4.03e+00, 2.42e+00]
600 [4.04e+00, 2.40e+00]
700 [4.05e+00, 2.39e+00]
800 [4.07e+00, 2.39e+00]
900 [4.09e+00, 2.40e+00]
1000      [7.83e-03, 7.21e-03, 7.18e-03, 8.95e-06, 1.74e-05, 1.54e-06, 1.67e-02, 1.58e-02, 1.62e-02]    [7.83e-03, 7.21e-03, 7.18e-03, 8.95e-06, 1.74e-05, 1.54e-06, 1.67e-02, 1.58e-02, 1.62e-02]    []  
1000 [4.10e+00, 2.41e+00]
1100 [4.12e+00, 2.43e+00]
1200 [4.15e+00, 2.46e+00]
1300 [4.17e+00, 2.49e+00]
1400 [4.19e+00, 2.53e+00]
1500 [4.21e+00, 2.57e+00]
1600 [4.24e+00, 2.60e+00]
1700 [4.27e+00, 2.65e+00]
1800 [4.29e+00, 2.68e+00]
1900 [4.32e+00, 2.72e+00]
2000      [3.50e-03, 3.10e-03, 3.36e-03, 1.23e-05, 5.53e-06, 6.65e-06, 4.03e-03, 2.16e-03, 1.79e-03]    [3.50e-03, 3.10e-03, 3.36e-03, 1.23e-05, 5.53e-06, 6.65e-06, 4.03e-03, 2.16e-03, 1.79e-03]    []  
2000 [4.35e+00, 2.76e+00]
2100 [4.37e+00, 2.79e+00]
2200 [4.40e+00, 2.82e+00]
2300 [4.43e+00, 2.85e+00]
2400 [4.46e+00, 2.87e+00]
2500 [4.48e+00, 2.89e+00]
2600 [4.51e+00, 2.91e+00]
2700 [4.54e+00, 2.92e+00]
2800 [4.56e+00, 2.93e+00]
2900 [4.59e+00, 2.94e+00]
3000      [5.60e-04, 1.38e-03, 2.73e-03, 1.23e-06, 4.12e-06, 4.16e-06, 4.59e-04, 2.27e-03, 2.45e-03]    [5.60e-04, 1.38e-03, 2.73e-03, 1.23e-06, 4.12e-06, 4.16e-06, 4.59e-04, 2.27e-03, 2.45e-03]    []  
3000 [4.61e+00, 2.95e+00]
3100 [4.63e+00, 2.96e+00]
3200 [4.66e+00, 2.96e+00]
3300 [4.68e+00, 2.97e+00]
3400 [4.70e+00, 2.97e+00]
3500 [4.72e+00, 2.97e+00]
3600 [4.74e+00, 2.97e+00]
3700 [4.76e+00, 2.98e+00]
3800 [4.78e+00, 2.98e+00]
3900 [4.80e+00, 2.98e+00]
4000      [1.29e-04, 1.51e-04, 1.30e-04, 3.12e-07, 1.07e-07, 3.59e-07, 3.36e-04, 2.89e-04, 3.16e-04]    [1.29e-04, 1.51e-04, 1.30e-04, 3.12e-07, 1.07e-07, 3.59e-07, 3.36e-04, 2.89e-04, 3.16e-04]    []  
4000 [4.82e+00, 2.98e+00]
4100 [4.83e+00, 2.98e+00]
4200 [4.85e+00, 2.98e+00]
4300 [4.86e+00, 2.98e+00]
4400 [4.87e+00, 2.99e+00]
4500 [4.89e+00, 2.98e+00]
4600 [4.90e+00, 2.99e+00]
4700 [4.91e+00, 2.99e+00]
4800 [4.92e+00, 2.99e+00]
4900 [4.93e+00, 2.99e+00]
5000      [4.93e-05, 6.73e-05, 4.35e-05, 1.52e-07, 5.13e-09, 8.74e-08, 1.42e-04, 1.32e-04, 1.31e-04]    [4.93e-05, 6.73e-05, 4.35e-05, 1.52e-07, 5.13e-09, 8.74e-08, 1.42e-04, 1.32e-04, 1.31e-04]    []  
5000 [4.94e+00, 2.99e+00]

Best model at step 5000:
  train loss: 5.66e-04
  test loss: 5.66e-04
  test metric: []

'train' took 425.698356 s

Saved inverse results in results/exp_noise_sweep/runs/beta5.0_n3.0_noise0/obs-1-2-3_count-1000/seed-1
Compiling model...
'compile' took 0.005108 s

Training model...

Step      Train loss                                                                                    Test loss                                                                                     Test metric
0         [5.97e+00, 3.03e+00, 5.90e+00, 9.82e-02, 9.00e-02, 2.91e-01, 3.84e-01, 6.41e-01, 8.14e-01]    [5.97e+00, 3.03e+00, 5.90e+00, 9.82e-02, 9.00e-02, 2.91e-01, 3.84e-01, 6.41e-01, 8.14e-01]    []  
0 [4.00e+00, 2.50e+00]
100 [3.99e+00, 2.48e+00]
200 [4.00e+00, 2.47e+00]
300 [4.01e+00, 2.45e+00]
400 [4.02e+00, 2.44e+00]
500 [4.03e+00, 2.42e+00]
600 [4.04e+00, 2.40e+00]
700 [4.05e+00, 2.39e+00]
800 [4.07e+00, 2.39e+00]
900 [4.08e+00, 2.40e+00]
1000      [7.70e-03, 7.03e-03, 7.28e-03, 8.92e-06, 2.20e-05, 4.53e-07, 1.87e-02, 1.83e-02, 1.88e-02]    [7.70e-03, 7.03e-03, 7.28e-03, 8.92e-06, 2.20e-05, 4.53e-07, 1.87e-02, 1.83e-02, 1.88e-02]    []  
1000 [4.10e+00, 2.41e+00]
1100 [4.12e+00, 2.44e+00]
1200 [4.14e+00, 2.46e+00]
1300 [4.16e+00, 2.50e+00]
1400 [4.19e+00, 2.53e+00]
1500 [4.21e+00, 2.57e+00]
1600 [4.24e+00, 2.61e+00]
1700 [4.26e+00, 2.65e+00]
1800 [4.29e+00, 2.69e+00]
1900 [4.31e+00, 2.73e+00]
2000      [2.88e-03, 3.02e-03, 2.92e-03, 4.37e-06, 1.06e-05, 4.66e-07, 4.73e-03, 4.61e-03, 5.04e-03]    [2.88e-03, 3.02e-03, 2.92e-03, 4.37e-06, 1.06e-05, 4.66e-07, 4.73e-03, 4.61e-03, 5.04e-03]    []  
2000 [4.34e+00, 2.76e+00]
2100 [4.37e+00, 2.79e+00]
2200 [4.39e+00, 2.82e+00]
2300 [4.42e+00, 2.85e+00]
2400 [4.45e+00, 2.87e+00]
2500 [4.48e+00, 2.89e+00]
2600 [4.50e+00, 2.91e+00]
2700 [4.53e+00, 2.93e+00]
2800 [4.55e+00, 2.94e+00]
2900 [4.58e+00, 2.95e+00]
3000      [4.40e-04, 4.57e-04, 6.51e-04, 1.50e-06, 4.09e-06, 1.84e-11, 3.53e-03, 3.26e-03, 3.72e-03]    [4.40e-04, 4.57e-04, 6.51e-04, 1.50e-06, 4.09e-06, 1.84e-11, 3.53e-03, 3.26e-03, 3.72e-03]    []  
3000 [4.60e+00, 2.96e+00]
3100 [4.62e+00, 2.96e+00]
3200 [4.65e+00, 2.97e+00]
3300 [4.67e+00, 2.97e+00]
3400 [4.69e+00, 2.97e+00]
3500 [4.71e+00, 2.98e+00]
3600 [4.73e+00, 2.98e+00]
3700 [4.75e+00, 2.98e+00]
3800 [4.77e+00, 2.98e+00]
3900 [4.79e+00, 2.98e+00]
4000      [1.39e-04, 1.87e-04, 1.78e-04, 8.43e-08, 2.56e-07, 1.25e-06, 2.70e-03, 2.81e-03, 3.05e-03]    [1.39e-04, 1.87e-04, 1.78e-04, 8.43e-08, 2.56e-07, 1.25e-06, 2.70e-03, 2.81e-03, 3.05e-03]    []  
4000 [4.80e+00, 2.98e+00]
4100 [4.82e+00, 2.99e+00]
4200 [4.83e+00, 2.99e+00]
4300 [4.85e+00, 2.99e+00]
4400 [4.86e+00, 2.99e+00]
4500 [4.87e+00, 2.99e+00]
4600 [4.88e+00, 2.99e+00]
4700 [4.89e+00, 2.99e+00]
4800 [4.90e+00, 2.99e+00]
4900 [4.91e+00, 2.99e+00]
5000      [6.57e-04, 5.05e-04, 8.11e-04, 1.13e-06, 1.11e-06, 1.21e-07, 2.71e-03, 2.70e-03, 2.78e-03]    [6.57e-04, 5.05e-04, 8.11e-04, 1.13e-06, 1.11e-06, 1.21e-07, 2.71e-03, 2.70e-03, 2.78e-03]    []  
5000 [4.92e+00, 2.99e+00]

Best model at step 4000:
  train loss: 9.07e-03
  test loss: 9.07e-03
  test metric: []

'train' took 438.414432 s

Saved inverse results in results/exp_noise_sweep/runs/beta5.0_n3.0_noise0/obs-1-2-3_count-1000/seed-0
Compiling model...
'compile' took 0.007403 s

Training model...

Step      Train loss                                                                                    Test loss                                                                                     Test metric
0         [5.97e+00, 3.03e+00, 5.90e+00, 1.05e-01, 1.22e-01, 2.74e-01, 3.92e-01, 6.40e-01, 8.13e-01]    [5.97e+00, 3.03e+00, 5.90e+00, 1.05e-01, 1.22e-01, 2.74e-01, 3.92e-01, 6.40e-01, 8.13e-01]    []  
0 [4.00e+00, 2.50e+00]
100 [3.99e+00, 2.48e+00]
200 [4.00e+00, 2.47e+00]
300 [4.01e+00, 2.45e+00]
400 [4.02e+00, 2.44e+00]
500 [4.03e+00, 2.42e+00]
600 [4.04e+00, 2.40e+00]
700 [4.05e+00, 2.39e+00]
800 [4.07e+00, 2.39e+00]
900 [4.09e+00, 2.39e+00]
1000      [7.76e-03, 7.17e-03, 7.13e-03, 9.67e-06, 1.28e-05, 1.28e-06, 1.95e-02, 1.81e-02, 1.83e-02]    [7.76e-03, 7.17e-03, 7.13e-03, 9.67e-06, 1.28e-05, 1.28e-06, 1.95e-02, 1.81e-02, 1.83e-02]    []  
1000 [4.10e+00, 2.41e+00]
1100 [4.12e+00, 2.43e+00]
1200 [4.14e+00, 2.46e+00]
1300 [4.17e+00, 2.49e+00]
1400 [4.19e+00, 2.52e+00]
1500 [4.21e+00, 2.56e+00]
1600 [4.24e+00, 2.60e+00]
1700 [4.27e+00, 2.64e+00]
1800 [4.29e+00, 2.68e+00]
1900 [4.32e+00, 2.72e+00]
2000      [2.65e-03, 5.44e-03, 3.07e-03, 1.45e-06, 7.86e-06, 1.64e-08, 4.39e-03, 4.05e-03, 6.23e-03]    [2.65e-03, 5.44e-03, 3.07e-03, 1.45e-06, 7.86e-06, 1.64e-08, 4.39e-03, 4.05e-03, 6.23e-03]    []  
2000 [4.35e+00, 2.75e+00]
2100 [4.37e+00, 2.79e+00]
2200 [4.40e+00, 2.82e+00]
2300 [4.43e+00, 2.84e+00]
2400 [4.45e+00, 2.87e+00]
2500 [4.48e+00, 2.89e+00]
2600 [4.51e+00, 2.90e+00]
2700 [4.53e+00, 2.92e+00]
2800 [4.56e+00, 2.93e+00]
2900 [4.58e+00, 2.94e+00]
3000      [5.45e-04, 5.87e-04, 5.44e-04, 8.20e-07, 1.43e-07, 2.34e-06, 3.58e-03, 3.37e-03, 3.52e-03]    [5.45e-04, 5.87e-04, 5.44e-04, 8.20e-07, 1.43e-07, 2.34e-06, 3.58e-03, 3.37e-03, 3.52e-03]    []  
3000 [4.61e+00, 2.95e+00]
3100 [4.63e+00, 2.96e+00]
3200 [4.66e+00, 2.96e+00]
3300 [4.68e+00, 2.97e+00]
3400 [4.70e+00, 2.97e+00]
3500 [4.72e+00, 2.97e+00]
3600 [4.74e+00, 2.97e+00]
3700 [4.76e+00, 2.98e+00]
3800 [4.78e+00, 2.98e+00]
3900 [4.80e+00, 2.98e+00]
4000      [1.46e-04, 1.65e-04, 1.23e-04, 2.06e-07, 2.81e-07, 6.92e-07, 2.86e-03, 2.74e-03, 2.86e-03]    [1.46e-04, 1.65e-04, 1.23e-04, 2.06e-07, 2.81e-07, 6.92e-07, 2.86e-03, 2.74e-03, 2.86e-03]    []  
4000 [4.81e+00, 2.98e+00]
4100 [4.83e+00, 2.98e+00]
4200 [4.85e+00, 2.98e+00]
4300 [4.86e+00, 2.98e+00]
4400 [4.87e+00, 2.98e+00]
4500 [4.89e+00, 2.99e+00]
4600 [4.90e+00, 2.99e+00]
4700 [4.91e+00, 2.99e+00]
4800 [4.92e+00, 2.99e+00]
4900 [4.93e+00, 2.99e+00]
5000      [1.10e-04, 1.54e-04, 2.04e-04, 2.21e-06, 1.41e-08, 1.44e-07, 2.78e-03, 2.50e-03, 2.69e-03]    [1.10e-04, 1.54e-04, 2.04e-04, 2.21e-06, 1.41e-08, 1.44e-07, 2.78e-03, 2.50e-03, 2.69e-03]    []  
5000 [4.93e+00, 2.99e+00]

Best model at step 5000:
  train loss: 8.44e-03
  test loss: 8.44e-03
  test metric: []

'train' took 429.983729 s

Saved inverse results in results/exp_noise_sweep/runs/beta5.0_n3.0_noise0/obs-1-2-3_count-1000/seed-1
Compiling model...
'compile' took 0.007943 s

Training model...

Step      Train loss                                                                                    Test loss                                                                                     Test metric
0         [5.97e+00, 3.03e+00, 5.90e+00, 1.02e-01, 8.60e-02, 3.28e-01, 3.85e-01, 6.50e-01, 8.19e-01]    [5.97e+00, 3.03e+00, 5.90e+00, 1.02e-01, 8.60e-02, 3.28e-01, 3.85e-01, 6.50e-01, 8.19e-01]    []  
0 [4.00e+00, 2.50e+00]
100 [3.99e+00, 2.48e+00]
200 [4.00e+00, 2.47e+00]
300 [4.01e+00, 2.45e+00]
400 [4.02e+00, 2.44e+00]
500 [4.03e+00, 2.42e+00]
600 [4.04e+00, 2.40e+00]
700 [4.05e+00, 2.39e+00]
800 [4.07e+00, 2.39e+00]
900 [4.08e+00, 2.40e+00]
1000      [7.64e-03, 6.91e-03, 7.32e-03, 9.48e-06, 2.55e-05, 3.23e-09, 2.62e-02, 2.58e-02, 2.71e-02]    [7.64e-03, 6.91e-03, 7.32e-03, 9.48e-06, 2.55e-05, 3.23e-09, 2.62e-02, 2.58e-02, 2.71e-02]    []  
1000 [4.10e+00, 2.42e+00]
1100 [4.12e+00, 2.44e+00]
1200 [4.14e+00, 2.47e+00]
1300 [4.16e+00, 2.50e+00]
1400 [4.18e+00, 2.54e+00]
1500 [4.21e+00, 2.57e+00]
1600 [4.23e+00, 2.61e+00]
1700 [4.26e+00, 2.65e+00]
1800 [4.28e+00, 2.69e+00]
1900 [4.31e+00, 2.73e+00]
2000      [2.79e-03, 3.06e-03, 2.96e-03, 4.82e-06, 1.53e-05, 2.18e-07, 1.23e-02, 1.21e-02, 1.34e-02]    [2.79e-03, 3.06e-03, 2.96e-03, 4.82e-06, 1.53e-05, 2.18e-07, 1.23e-02, 1.21e-02, 1.34e-02]    []  
2000 [4.34e+00, 2.76e+00]
2100 [4.36e+00, 2.80e+00]
2200 [4.39e+00, 2.83e+00]
2300 [4.42e+00, 2.85e+00]
2400 [4.44e+00, 2.88e+00]
2500 [4.47e+00, 2.90e+00]
2600 [4.49e+00, 2.91e+00]
2700 [4.52e+00, 2.93e+00]
2800 [4.54e+00, 2.94e+00]
2900 [4.57e+00, 2.95e+00]
3000      [4.48e-04, 6.19e-04, 4.75e-04, 2.80e-07, 4.01e-06, 1.51e-06, 1.09e-02, 1.10e-02, 1.21e-02]    [4.48e-04, 6.19e-04, 4.75e-04, 2.80e-07, 4.01e-06, 1.51e-06, 1.09e-02, 1.10e-02, 1.21e-02]    []  
3000 [4.59e+00, 2.96e+00]
3100 [4.61e+00, 2.97e+00]
3200 [4.64e+00, 2.97e+00]
3300 [4.66e+00, 2.97e+00]
3400 [4.68e+00, 2.98e+00]
3500 [4.70e+00, 2.98e+00]
3600 [4.72e+00, 2.98e+00]
3700 [4.74e+00, 2.98e+00]
3800 [4.76e+00, 2.99e+00]
3900 [4.77e+00, 2.99e+00]
4000      [2.86e-04, 1.73e-03, 6.25e-04, 2.67e-06, 1.17e-05, 8.40e-06, 1.03e-02, 9.92e-03, 1.14e-02]    [2.86e-04, 1.73e-03, 6.25e-04, 2.67e-06, 1.17e-05, 8.40e-06, 1.03e-02, 9.92e-03, 1.14e-02]    []  
4000 [4.79e+00, 2.99e+00]
4100 [4.80e+00, 2.99e+00]
4200 [4.82e+00, 2.99e+00]
4300 [4.83e+00, 2.99e+00]
4400 [4.84e+00, 2.99e+00]
4500 [4.86e+00, 2.99e+00]
4600 [4.87e+00, 2.99e+00]
4700 [4.88e+00, 2.99e+00]
4800 [4.89e+00, 2.99e+00]
4900 [4.90e+00, 3.00e+00]
5000      [1.48e-04, 1.73e-04, 2.60e-04, 2.23e-09, 6.25e-06, 2.48e-06, 1.03e-02, 9.81e-03, 1.10e-02]    [1.48e-04, 1.73e-04, 2.60e-04, 2.23e-09, 6.25e-06, 2.48e-06, 1.03e-02, 9.81e-03, 1.10e-02]    []  
5000 [4.90e+00, 3.00e+00]

Best model at step 5000:
  train loss: 3.17e-02
  test loss: 3.17e-02
  test metric: []

'train' took 427.657604 s

Saved inverse results in results/exp_noise_sweep/runs/beta5.0_n3.0_noise0/obs-1-2-3_count-1000/seed-0
Compiling model...
'compile' took 0.005246 s

Training model...

Step      Train loss                                                                                    Test loss                                                                                     Test metric
0         [5.97e+00, 3.03e+00, 5.90e+00, 1.17e-01, 1.53e-01, 2.93e-01, 4.02e-01, 6.49e-01, 8.17e-01]    [5.97e+00, 3.03e+00, 5.90e+00, 1.17e-01, 1.53e-01, 2.93e-01, 4.02e-01, 6.49e-01, 8.17e-01]    []  
0 [4.00e+00, 2.50e+00]
100 [3.99e+00, 2.48e+00]
200 [4.00e+00, 2.46e+00]
300 [4.01e+00, 2.45e+00]
400 [4.02e+00, 2.44e+00]
500 [4.03e+00, 2.42e+00]
600 [4.04e+00, 2.40e+00]
700 [4.06e+00, 2.39e+00]
800 [4.07e+00, 2.38e+00]
900 [4.09e+00, 2.39e+00]
1000      [7.67e-03, 7.12e-03, 7.10e-03, 1.04e-05, 8.38e-06, 9.67e-07, 2.79e-02, 2.56e-02, 2.59e-02]    [7.67e-03, 7.12e-03, 7.10e-03, 1.04e-05, 8.38e-06, 9.67e-07, 2.79e-02, 2.56e-02, 2.59e-02]    []  
1000 [4.10e+00, 2.40e+00]
1100 [4.12e+00, 2.43e+00]
1200 [4.14e+00, 2.45e+00]
1300 [4.17e+00, 2.48e+00]
1400 [4.19e+00, 2.52e+00]
1500 [4.21e+00, 2.56e+00]
1600 [4.24e+00, 2.60e+00]
1700 [4.26e+00, 2.64e+00]
1800 [4.29e+00, 2.68e+00]
1900 [4.32e+00, 2.71e+00]
2000      [3.08e-03, 3.10e-03, 2.93e-03, 5.58e-06, 1.28e-06, 2.75e-06, 1.31e-02, 1.21e-02, 1.28e-02]    [3.08e-03, 3.10e-03, 2.93e-03, 5.58e-06, 1.28e-06, 2.75e-06, 1.31e-02, 1.21e-02, 1.28e-02]    []  
2000 [4.34e+00, 2.75e+00]
2100 [4.37e+00, 2.78e+00]
2200 [4.40e+00, 2.81e+00]
2300 [4.43e+00, 2.84e+00]
2400 [4.45e+00, 2.86e+00]
2500 [4.48e+00, 2.88e+00]
2600 [4.51e+00, 2.90e+00]
2700 [4.53e+00, 2.92e+00]
2800 [4.56e+00, 2.93e+00]
2900 [4.58e+00, 2.94e+00]
3000      [7.09e-04, 6.84e-04, 9.58e-04, 2.04e-06, 4.70e-07, 1.59e-07, 1.17e-02, 1.07e-02, 1.18e-02]    [7.09e-04, 6.84e-04, 9.58e-04, 2.04e-06, 4.70e-07, 1.59e-07, 1.17e-02, 1.07e-02, 1.18e-02]    []  
3000 [4.61e+00, 2.95e+00]
3100 [4.63e+00, 2.96e+00]
3200 [4.65e+00, 2.96e+00]
3300 [4.68e+00, 2.97e+00]
3400 [4.70e+00, 2.97e+00]
3500 [4.72e+00, 2.97e+00]
3600 [4.74e+00, 2.97e+00]
3700 [4.76e+00, 2.98e+00]
3800 [4.78e+00, 2.98e+00]
3900 [4.80e+00, 2.98e+00]
4000      [1.77e-04, 2.03e-04, 2.10e-04, 3.94e-07, 6.90e-07, 1.27e-06, 1.08e-02, 1.02e-02, 1.09e-02]    [1.77e-04, 2.03e-04, 2.10e-04, 3.94e-07, 6.90e-07, 1.27e-06, 1.08e-02, 1.02e-02, 1.09e-02]    []  
4000 [4.81e+00, 2.98e+00]
4100 [4.83e+00, 2.98e+00]
4200 [4.84e+00, 2.98e+00]
4300 [4.86e+00, 2.98e+00]
4400 [4.87e+00, 2.99e+00]
4500 [4.88e+00, 2.99e+00]
4600 [4.90e+00, 2.99e+00]
4700 [4.91e+00, 2.99e+00]
4800 [4.92e+00, 2.99e+00]
4900 [4.93e+00, 2.99e+00]
5000      [2.34e-04, 1.73e-04, 9.87e-05, 1.80e-06, 2.41e-06, 2.91e-07, 1.07e-02, 1.00e-02, 1.07e-02]    [2.34e-04, 1.73e-04, 9.87e-05, 1.80e-06, 2.41e-06, 2.91e-07, 1.07e-02, 1.00e-02, 1.07e-02]    []  
5000 [4.93e+00, 2.99e+00]

Best model at step 5000:
  train loss: 3.18e-02
  test loss: 3.18e-02
  test metric: []

'train' took 424.169776 s

Saved inverse results in results/exp_noise_sweep/runs/beta5.0_n3.0_noise0/obs-1-2-3_count-1000/seed-1

=== Running exp_partial_observation ===
Compiling model...
'compile' took 0.006513 s

Training model...

Step      Train loss                                                                                    Test loss                                                                                     Test metric
0         [5.97e+00, 3.03e+00, 5.90e+00, 9.82e-02, 9.00e-02, 2.91e-01, 3.84e-01, 6.41e-01, 8.14e-01]    [5.97e+00, 3.03e+00, 5.90e+00, 9.82e-02, 9.00e-02, 2.91e-01, 3.84e-01, 6.41e-01, 8.14e-01]    []  
0 [4.00e+00, 2.50e+00]
100 [3.99e+00, 2.48e+00]
200 [4.00e+00, 2.47e+00]
300 [4.01e+00, 2.45e+00]
400 [4.02e+00, 2.44e+00]
500 [4.03e+00, 2.42e+00]
600 [4.04e+00, 2.40e+00]
700 [4.05e+00, 2.39e+00]
800 [4.07e+00, 2.39e+00]
900 [4.08e+00, 2.40e+00]
1000      [7.70e-03, 7.03e-03, 7.28e-03, 8.92e-06, 2.20e-05, 4.53e-07, 1.87e-02, 1.83e-02, 1.88e-02]    [7.70e-03, 7.03e-03, 7.28e-03, 8.92e-06, 2.20e-05, 4.53e-07, 1.87e-02, 1.83e-02, 1.88e-02]    []  
1000 [4.10e+00, 2.41e+00]
1100 [4.12e+00, 2.44e+00]
1200 [4.14e+00, 2.46e+00]
1300 [4.16e+00, 2.50e+00]
1400 [4.19e+00, 2.53e+00]
1500 [4.21e+00, 2.57e+00]
1600 [4.24e+00, 2.61e+00]
1700 [4.26e+00, 2.65e+00]
1800 [4.29e+00, 2.69e+00]
1900 [4.31e+00, 2.73e+00]
2000      [2.88e-03, 3.02e-03, 2.92e-03, 4.37e-06, 1.06e-05, 4.66e-07, 4.73e-03, 4.61e-03, 5.04e-03]    [2.88e-03, 3.02e-03, 2.92e-03, 4.37e-06, 1.06e-05, 4.66e-07, 4.73e-03, 4.61e-03, 5.04e-03]    []  
2000 [4.34e+00, 2.76e+00]
2100 [4.37e+00, 2.79e+00]
2200 [4.39e+00, 2.82e+00]
2300 [4.42e+00, 2.85e+00]
2400 [4.45e+00, 2.87e+00]
2500 [4.48e+00, 2.89e+00]
2600 [4.50e+00, 2.91e+00]
2700 [4.53e+00, 2.93e+00]
2800 [4.55e+00, 2.94e+00]
2900 [4.58e+00, 2.95e+00]
3000      [4.40e-04, 4.57e-04, 6.51e-04, 1.50e-06, 4.09e-06, 1.84e-11, 3.53e-03, 3.26e-03, 3.72e-03]    [4.40e-04, 4.57e-04, 6.51e-04, 1.50e-06, 4.09e-06, 1.84e-11, 3.53e-03, 3.26e-03, 3.72e-03]    []  
3000 [4.60e+00, 2.96e+00]

Best model at step 3000:
  train loss: 1.21e-02
  test loss: 1.21e-02
  test metric: []

'train' took 258.043640 s

Saved inverse results in results/exp_partial_observation/runs/beta5.0_n3.0_noise0/obs-1-2-3_count-1000/seed-0
Compiling model...
'compile' took 0.005065 s

Training model...

Step      Train loss                                                                                    Test loss                                                                                     Test metric
0         [5.97e+00, 3.03e+00, 5.90e+00, 1.05e-01, 1.22e-01, 2.74e-01, 3.92e-01, 6.40e-01, 8.13e-01]    [5.97e+00, 3.03e+00, 5.90e+00, 1.05e-01, 1.22e-01, 2.74e-01, 3.92e-01, 6.40e-01, 8.13e-01]    []  
0 [4.00e+00, 2.50e+00]
100 [3.99e+00, 2.48e+00]
200 [4.00e+00, 2.47e+00]
300 [4.01e+00, 2.45e+00]
400 [4.02e+00, 2.44e+00]
500 [4.03e+00, 2.42e+00]
600 [4.04e+00, 2.40e+00]
700 [4.05e+00, 2.39e+00]
800 [4.07e+00, 2.39e+00]
900 [4.09e+00, 2.39e+00]
1000      [7.76e-03, 7.17e-03, 7.13e-03, 9.67e-06, 1.28e-05, 1.28e-06, 1.95e-02, 1.81e-02, 1.83e-02]    [7.76e-03, 7.17e-03, 7.13e-03, 9.67e-06, 1.28e-05, 1.28e-06, 1.95e-02, 1.81e-02, 1.83e-02]    []  
1000 [4.10e+00, 2.41e+00]
1100 [4.12e+00, 2.43e+00]
1200 [4.14e+00, 2.46e+00]
1300 [4.17e+00, 2.49e+00]
1400 [4.19e+00, 2.52e+00]
1500 [4.21e+00, 2.56e+00]
1600 [4.24e+00, 2.60e+00]
1700 [4.27e+00, 2.64e+00]
1800 [4.29e+00, 2.68e+00]
1900 [4.32e+00, 2.72e+00]
2000      [2.65e-03, 5.44e-03, 3.07e-03, 1.45e-06, 7.86e-06, 1.64e-08, 4.39e-03, 4.05e-03, 6.23e-03]    [2.65e-03, 5.44e-03, 3.07e-03, 1.45e-06, 7.86e-06, 1.64e-08, 4.39e-03, 4.05e-03, 6.23e-03]    []  
2000 [4.35e+00, 2.75e+00]
2100 [4.37e+00, 2.79e+00]
2200 [4.40e+00, 2.82e+00]
2300 [4.43e+00, 2.84e+00]
2400 [4.45e+00, 2.87e+00]
2500 [4.48e+00, 2.89e+00]
2600 [4.51e+00, 2.90e+00]
2700 [4.53e+00, 2.92e+00]
2800 [4.56e+00, 2.93e+00]
2900 [4.58e+00, 2.94e+00]
3000      [5.45e-04, 5.87e-04, 5.44e-04, 8.20e-07, 1.43e-07, 2.34e-06, 3.58e-03, 3.37e-03, 3.52e-03]    [5.45e-04, 5.87e-04, 5.44e-04, 8.20e-07, 1.43e-07, 2.34e-06, 3.58e-03, 3.37e-03, 3.52e-03]    []  
3000 [4.61e+00, 2.95e+00]

Best model at step 3000:
  train loss: 1.22e-02
  test loss: 1.22e-02
  test metric: []

'train' took 260.881719 s

Saved inverse results in results/exp_partial_observation/runs/beta5.0_n3.0_noise0/obs-1-2-3_count-1000/seed-1
Compiling model...
'compile' took 0.004963 s

Training model...

Step      Train loss                                                                          Test loss                                                                           Test metric
0         [5.97e+00, 3.03e+00, 5.90e+00, 9.82e-02, 9.00e-02, 2.91e-01, 3.84e-01, 6.41e-01]    [5.97e+00, 3.03e+00, 5.90e+00, 9.82e-02, 9.00e-02, 2.91e-01, 3.84e-01, 6.41e-01]    []  
0 [4.00e+00, 2.50e+00]
100 [3.99e+00, 2.48e+00]
200 [4.00e+00, 2.47e+00]
300 [4.00e+00, 2.46e+00]
400 [4.01e+00, 2.45e+00]
500 [4.01e+00, 2.44e+00]
600 [4.02e+00, 2.42e+00]
700 [4.03e+00, 2.41e+00]
800 [4.04e+00, 2.41e+00]
900 [4.05e+00, 2.41e+00]
1000      [7.66e-03, 6.14e-03, 4.13e-03, 1.39e-05, 2.66e-05, 2.13e-09, 2.41e-02, 2.34e-02]    [7.66e-03, 6.14e-03, 4.13e-03, 1.39e-05, 2.66e-05, 2.13e-09, 2.41e-02, 2.34e-02]    []  
1000 [4.06e+00, 2.42e+00]
1100 [4.08e+00, 2.44e+00]
1200 [4.09e+00, 2.46e+00]
1300 [4.11e+00, 2.48e+00]
1400 [4.12e+00, 2.51e+00]
1500 [4.14e+00, 2.54e+00]
1600 [4.16e+00, 2.57e+00]
1700 [4.18e+00, 2.61e+00]
1800 [4.20e+00, 2.65e+00]
1900 [4.22e+00, 2.69e+00]
2000      [4.27e-03, 3.65e-03, 2.89e-03, 9.61e-06, 1.36e-05, 1.28e-08, 6.00e-03, 5.89e-03]    [4.27e-03, 3.65e-03, 2.89e-03, 9.61e-06, 1.36e-05, 1.28e-08, 6.00e-03, 5.89e-03]    []  
2000 [4.24e+00, 2.73e+00]
2100 [4.27e+00, 2.76e+00]
2200 [4.29e+00, 2.80e+00]
2300 [4.31e+00, 2.84e+00]
2400 [4.34e+00, 2.87e+00]
2500 [4.36e+00, 2.89e+00]
2600 [4.38e+00, 2.92e+00]
2700 [4.41e+00, 2.94e+00]
2800 [4.43e+00, 2.95e+00]
2900 [4.45e+00, 2.97e+00]
3000      [7.19e-04, 8.09e-04, 4.70e-04, 2.30e-06, 5.19e-06, 1.19e-08, 4.02e-03, 4.12e-03]    [7.19e-04, 8.09e-04, 4.70e-04, 2.30e-06, 5.19e-06, 1.19e-08, 4.02e-03, 4.12e-03]    []  
3000 [4.47e+00, 2.98e+00]

Best model at step 3000:
  train loss: 1.01e-02
  test loss: 1.01e-02
  test metric: []

'train' took 225.649131 s

